[[30.55632019 - 1, 0.4443016052246096 + 1, -0.2793472707271626 + 1],
 [30.55632019 - 2, 0.4443016052246096 + 1, -0.2793472707271626 + 1],
 [30.55632019 - 3, 0.4443016052246096 + 1, -0.2793472707271626 + 1],
 [30.55632019 - 4, 0.4443016052246096 + 1, -0.2793472707271626 + 1],
 [30.55632019 - 5, 0.4443016052246096 + 1, -0.2793472707271626 + 1],
 [30.55632019 - 6, 0.4443016052246096 + 1, -0.2793472707271626 + 1],
 [30.55632019 - 7, 0.4443016052246096 + 1, -0.2793472707271626 + 1],
 [30.55632019 - 8, 0.4443016052246096 + 1, -0.2793472707271626 + 1],
 [30.55632019 - 9, 0.4443016052246096 + 1, -0.2793472707271626 + 1],
 [30.55632019 - 10, 0.4443016052246096 + 1, -0.2793472707271626 + 1],
 [30.55632019 - 11, 0.4443016052246096 + 1, -0.2793472707271626 + 1],
 [30.55632019 - 12, 0.4443016052246096 + 1, -0.2793472707271626 + 1]]

 [[30.55632019 - 1, 0.4443016052246096 + 1, -0.2793472707271626 - 1],
 [30.55632019 - 2, 0.4443016052246096 + 1, -0.2793472707271626 - 1],
 [30.55632019 - 3, 0.4443016052246096 + 1, -0.2793472707271626 - 1],
 [30.55632019 - 4, 0.4443016052246096 + 1, -0.2793472707271626 - 1],
 [30.55632019 - 5, 0.4443016052246096 + 1, -0.2793472707271626 - 1],
 [30.55632019 - 6, 0.4443016052246096 + 1, -0.2793472707271626 - 1],
 [30.55632019 - 7, 0.4443016052246096 + 1, -0.2793472707271626 - 1],
 [30.55632019 - 8, 0.4443016052246096 + 1, -0.2793472707271626 - 1],
 [30.55632019 - 9, 0.4443016052246096 + 1, -0.2793472707271626 - 1],
 [30.55632019 - 10, 0.4443016052246096 + 1, -0.2793472707271626 - 1],
 [30.55632019 - 11, 0.4443016052246096 + 1, -0.2793472707271626 - 1],
 [30.55632019 - 12, 0.4443016052246096 + 1, -0.2793472707271626 - 1]]

[[29.55632019, -0.5556983947753904, -1.2793472707271625],
[28.55632019, -0.5556983947753904, -1.2793472707271625],
[27.55632019, -0.5556983947753904, -1.2793472707271625],
[26.55632019, -0.5556983947753904, -1.2793472707271625],
[25.55632019, -0.5556983947753904, -1.2793472707271625],
[24.55632019, -0.5556983947753904, -1.2793472707271625],
[23.55632019, -0.5556983947753904, -1.2793472707271625],
[22.55632019, -0.5556983947753904, -1.2793472707271625],
[21.55632019, -0.5556983947753904, -1.2793472707271625],
[20.55632019, -0.5556983947753904, -1.2793472707271625],
[19.55632019, -0.5556983947753904, -1.2793472707271625],
[18.55632019, -0.5556983947753904, -1.2793472707271625]]

[[30.55632019 - 1, 0.4443016052246096 - 1, -0.2793472707271626 - 1],
 [30.55632019 - 2, 0.4443016052246096 - 1, -0.2793472707271626 - 1],
 [30.55632019 - 3, 0.4443016052246096 - 1, -0.2793472707271626 - 1],
 [30.55632019 - 4, 0.4443016052246096 - 1, -0.2793472707271626 - 1],
 [30.55632019 - 5, 0.4443016052246096 - 1, -0.2793472707271626 - 1],
 [30.55632019 - 6, 0.4443016052246096 - 1, -0.2793472707271626 - 1],
 [30.55632019 - 7, 0.4443016052246096 - 1, -0.2793472707271626 - 1],
 [30.55632019 - 8, 0.4443016052246096 - 1, -0.2793472707271626 - 1],
 [30.55632019 - 9, 0.4443016052246096 - 1, -0.2793472707271626 - 1],
 [30.55632019 - 10, 0.4443016052246096 - 1, -0.2793472707271626 - 1],
 [30.55632019 - 11, 0.4443016052246096 - 1, -0.2793472707271626 - 1],
 [30.55632019 - 12, 0.4443016052246096 - 1, -0.2793472707271626 - 1]]