[[29.55632019, -0.5556983947753904, -1.2793472707271625],
[28.55632019, -0.5556983947753904, -1.2793472707271625],
[27.55632019, -0.5556983947753904, -1.2793472707271625],
[26.55632019, -0.5556983947753904, -1.2793472707271625],
[25.55632019, -0.5556983947753904, -1.2793472707271625],
[24.55632019, -0.5556983947753904, -1.2793472707271625],
[23.55632019, -0.5556983947753904, -1.2793472707271625],
[22.55632019, -0.5556983947753904, -1.2793472707271625],
[21.55632019, -0.5556983947753904, -1.2793472707271625],
[20.55632019, -0.5556983947753904, -1.2793472707271625],
[19.55632019, -0.5556983947753904, -1.2793472707271625],
[18.55632019, -0.5556983947753904, -1.2793472707271625]]